-6.449887024473355268e-08
2.189514560768657248e-07
2.441497599647846073e-07
-2.650000112680572784e-07
2.650000112680572784e-07
-9.537796330505443620e-08
-2.650000112680572784e-07
-3.821387650759788812e-08
-1.513449916501485859e-07
2.650000112680572784e-07
2.207307971957561676e-07
-2.438962098949559731e-07
-5.188218299423397184e-09
-1.143171743933635298e-07
-2.154576463908597361e-07
2.650000112680572784e-07
-1.020522617523056397e-07
-1.420938815499539487e-07
-1.635829107726749498e-07
1.370680422496661777e-07
2.650000112680572784e-07
2.650000112680572784e-07
9.671393286225793418e-08
-6.732402368925249903e-08
-1.625301280228086398e-07
-8.195948453249002341e-08
5.479323661461421580e-08
1.287213251544017112e-07
-2.869278503681016446e-08
9.471742856703713187e-08
2.648426544737958466e-08
-1.023563029889373865e-07
-1.893873502467613434e-07
-6.796378926310353563e-08
1.428876714726357022e-07
-2.650000112680572784e-07
2.650000112680572784e-07
5.838951366854416847e-08
4.638013706426136196e-08
1.445562816115852911e-07
-1.590157268083203235e-07
-3.773291723518923391e-08
1.690009696631022962e-07
-5.064644525987205270e-08
-2.397598564130021259e-07
-1.271638865318891476e-07
1.181563433760857151e-07
-1.299855796332849422e-07
1.217519951524081989e-07
4.615859694467872032e-08
-2.164588153164004325e-07
-2.682731370384772163e-08
-9.472609718841340509e-08
-1.438131960185273783e-07
-3.693457273357125814e-08
