5.300000225361145567e-07 5.300000225361145567e-07 5.300000225361145567e-07 5.300000225361145567e-07 5.300000225361145567e-07 5.300000225361145567e-07 5.300000225361145567e-07 5.297500251799647231e-07 5.343699740478768945e-07 5.360399768505885731e-07 5.355399821382889058e-07 5.410699941421626136e-07 5.356300221137644257e-07 5.356799874789430760e-07 5.335400032890902366e-07 5.297899861034238711e-07 5.300000225361145567e-07 5.300000225361145567e-07 5.300000225361145567e-07 5.300000225361145567e-07 5.300000225361145567e-07 5.300000225361145567e-07 5.300000225361145567e-07
5.300000225361145567e-07 5.300000225361145567e-07 5.300000225361145567e-07 5.300000225361145567e-07 5.300000225361145567e-07 5.297300162965257186e-07 5.335400032890902366e-07 5.461100158754561562e-07 5.061700107944488991e-07 4.899000032310141250e-07 4.953399752594123129e-07 1.143946803949802415e-07 4.974099852006474975e-07 4.974299940840865020e-07 5.168000143385143019e-07 5.459900194182409905e-07 5.332000228008837439e-07 5.297400207382452209e-07 5.300000225361145567e-07 5.300000225361145567e-07 5.300000225361145567e-07 5.300000225361145567e-07 5.300000225361145567e-07
5.300000225361145567e-07 5.300000225361145567e-07 5.300000225361145567e-07 5.298700216371798888e-07 5.304499950398167130e-07 5.449400077850441448e-07 5.153399911250744481e-07 2.916151515819365159e-07 7.464285545211168937e-08 0.000000000000000000e+00 0.000000000000000000e+00 0.000000000000000000e+00 0.000000000000000000e+00 0.000000000000000000e+00 0.000000000000000000e+00 1.990834164189436706e-07 5.210200129113218281e-07 5.424299729384074453e-07 5.301300234350492246e-07 5.299099825606390368e-07 5.300000225361145567e-07 5.300000225361145567e-07 5.300000225361145567e-07
5.300000225361145567e-07 5.300000225361145567e-07 5.298700216371798888e-07 5.316999818205658812e-07 5.407600269791146275e-07 3.444640128691389691e-07 5.142611314568057423e-08 0.000000000000000000e+00 5.880906428501475602e-09 0.000000000000000000e+00 0.000000000000000000e+00 0.000000000000000000e+00 0.000000000000000000e+00 0.000000000000000000e+00 0.000000000000000000e+00 2.489106236680527218e-07 7.425649641845666338e-07 1.202668045152677223e-06 5.382900098993559368e-07 5.307200012794055510e-07 5.299500003275170457e-07 5.300000225361145567e-07 5.300000225361145567e-07
5.300000225361145567e-07 5.300000225361145567e-07 5.304499950398167130e-07 5.407600269791146275e-07 8.096096166809729766e-07 2.796536477944755461e-07 6.654836681718734326e-08 3.863183906105405185e-08 1.020290483211283572e-07 1.299707719226717018e-07 4.536296671631134814e-08 0.000000000000000000e+00 0.000000000000000000e+00 0.000000000000000000e+00 0.000000000000000000e+00 1.838963612499355804e-07 6.094885520724346861e-07 9.975301509257405996e-07 1.407059471603133716e-06 5.367700168790179305e-07 5.302100021253863815e-07 5.300000225361145567e-07 5.300000225361145567e-07
5.300000225361145567e-07 5.297300162965257186e-07 5.449500122267636470e-07 1.119081161959911697e-06 6.201817654982733075e-07 2.740275135693082120e-07 6.379804062817129306e-08 5.086724286229582503e-08 1.300734311371343210e-07 1.647143790250993334e-07 7.637176224761788035e-08 0.000000000000000000e+00 0.000000000000000000e+00 0.000000000000000000e+00 0.000000000000000000e+00 0.000000000000000000e+00 3.084722379753657151e-07 7.351422937063034624e-07 1.126824145103455521e-06 1.567672939017938916e-06 5.336099775377078913e-07 5.300000225361145567e-07 5.300000225361145567e-07
5.300000225361145567e-07 5.335400032890902366e-07 5.153199822416354436e-07 7.066126954669016413e-07 4.628166152542689815e-07 2.047685825345979538e-07 6.449107559092226438e-08 7.645229516128893010e-08 1.503312319073302206e-07 1.742570532314857701e-07 8.241931936936452985e-08 0.000000000000000000e+00 0.000000000000000000e+00 0.000000000000000000e+00 0.000000000000000000e+00 0.000000000000000000e+00 3.049490970852275495e-08 4.578034236146777403e-07 9.010234407469397411e-07 1.365259777230676264e-06 5.339700237527722493e-07 5.300800012264517136e-07 5.300000225361145567e-07
5.297500251799647231e-07 5.461200203171756584e-07 3.153510874653875362e-07 2.992176177940564230e-07 2.989495442307088524e-07 1.786400218861672329e-07 1.115253382977243746e-07 1.301177690038457513e-07 1.820267243601847440e-07 1.918031671266362537e-07 1.122824073718220461e-07 0.000000000000000000e+00 0.000000000000000000e+00 0.000000000000000000e+00 0.000000000000000000e+00 0.000000000000000000e+00 0.000000000000000000e+00 3.153256500354473246e-07 7.561028496638755314e-07 1.249371734957094304e-06 1.591412228663102724e-06 5.270100018606171943e-07 5.301200189933297224e-07
5.343699740478768945e-07 5.061900196778879035e-07 0.000000000000000000e+00 1.781529590516583994e-09 1.662958766246447340e-07 1.783299126145720948e-07 1.634740272038470721e-07 1.730626308926730417e-07 1.961744828804512508e-07 1.957072583991248393e-07 1.448930788683355786e-07 4.658002694668539334e-08 0.000000000000000000e+00 0.000000000000000000e+00 0.000000000000000000e+00 0.000000000000000000e+00 6.661235829596989788e-08 3.329726894207851728e-07 7.089286100381286815e-07 1.183031599794048816e-06 1.543062353448476642e-06 5.425400217973219696e-07 5.281299877424316946e-07
5.360299724088690709e-07 4.899400209978921339e-07 0.000000000000000000e+00 0.000000000000000000e+00 4.275290166333434172e-08 1.466524963689153083e-07 1.648014915645035217e-07 1.623882326384773478e-07 1.617839586742775282e-07 1.586636244610417634e-07 1.453496736303350190e-07 1.242541713963873917e-07 1.079511378065944882e-07 1.106716922549821902e-07 1.400931353146006586e-07 1.976819277160757338e-07 2.906307940975239035e-07 4.488926208523480454e-07 7.257869469867728185e-07 1.143823510574293323e-06 1.496687445978750475e-06 5.542800067814823706e-07 5.264499804980005138e-07
5.355399821382889058e-07 4.953599841428513173e-07 0.000000000000000000e+00 0.000000000000000000e+00 0.000000000000000000e+00 5.123374080540088471e-08 9.322747018813970499e-08 9.121026778302621096e-08 8.415563002017734107e-08 8.907153414838830940e-08 1.134502269906079164e-07 1.621591536604682915e-07 2.360033874992950587e-07 3.263725432134378934e-07 4.142874843182653422e-07 4.801050295100139920e-07 5.248845127425738610e-07 5.932264457442215644e-07 7.725458885943226051e-07 1.126324718825344462e-06 1.454692664992762730e-06 5.603799877462734003e-07 5.252500159258488566e-07
5.410599897004431114e-07 1.007899754768004641e-07 0.000000000000000000e+00 0.000000000000000000e+00 0.000000000000000000e+00 0.000000000000000000e+00 0.000000000000000000e+00 0.000000000000000000e+00 6.694619969493942335e-09 3.435744133639673237e-08 9.215264640261011664e-08 1.898972925573616521e-07 3.256308502841420704e-07 4.797616384166758507e-07 6.168967274788883515e-07 7.013538265709939878e-07 7.255791274474177044e-07 7.392549150608829223e-07 8.508347946190042421e-07 1.154739038611296564e-06 1.492279352532932535e-06 7.620428732479922473e-07 5.175099886400857940e-07
5.356300221137644257e-07 4.974099852006474975e-07 0.000000000000000000e+00 0.000000000000000000e+00 0.000000000000000000e+00 0.000000000000000000e+00 0.000000000000000000e+00 0.000000000000000000e+00 0.000000000000000000e+00 4.961756872035039123e-08 1.377036653593677329e-07 2.605501663310860749e-07 4.222036125156591879e-07 6.052305820958281402e-07 7.709608098593889736e-07 8.763322512095328420e-07 9.060923957804334350e-07 9.069962061403202824e-07 9.931663953466340899e-07 1.277059141102654394e-06 1.589375870025833137e-06 5.772699864792230073e-07 5.222399863669124898e-07
5.356799874789430760e-07 4.974199896423669998e-07 2.258218074757678551e-07 0.000000000000000000e+00 0.000000000000000000e+00 0.000000000000000000e+00 0.000000000000000000e+00 0.000000000000000000e+00 2.752254602000903105e-08 1.549789772070653271e-07 2.746187988122983370e-07 4.051105406688293442e-07 5.625955736832111143e-07 7.432892061842721887e-07 9.178601203529979102e-07 1.044809891936893109e-06 1.103107820199511480e-06 1.128345161305333022e-06 1.223367462444002740e-06 1.492598585173254833e-06 1.772746145434211940e-06 5.885199811928032432e-07 5.204900048738636542e-07
5.335400032890902366e-07 5.167900098967947997e-07 8.165425242623314261e-07 2.678095540886715753e-07 0.000000000000000000e+00 0.000000000000000000e+00 0.000000000000000000e+00 0.000000000000000000e+00 1.170116945559129817e-07 3.115346203230728861e-07 4.666335939873533789e-07 5.987217264191713184e-07 7.376747248599713203e-07 9.002492333820555359e-07 1.075002955985837616e-06 1.228200176228710916e-06 1.331899511569645256e-06 1.400295218445535284e-06 1.503726480223122053e-06 1.723060904623707756e-06 1.741909272823249921e-06 5.596900223281409126e-07 5.230800184108375106e-07
5.297899861034238711e-07 5.459900194182409905e-07 1.102404326047690120e-06 7.773450079184840433e-07 2.679805106708954554e-07 0.000000000000000000e+00 0.000000000000000000e+00 0.000000000000000000e+00 1.907941111767286202e-07 4.393928350054920884e-07 6.291348313425260130e-07 7.662284247089701239e-07 8.904988817448611371e-07 1.039381686496199109e-06 1.220769263454712927e-06 1.408057869412004948e-06 1.559625388836138882e-06 1.652792889217380434e-06 1.700289431028068066e-06 1.719282863632543012e-06 9.623158803151454777e-07 4.976399736733583268e-07 5.303999728312192019e-07
5.300000225361145567e-07 5.332000228008837439e-07 5.210400217947608326e-07 1.083536744772573002e-06 7.537518058597925119e-07 2.429680421300872695e-07 0.000000000000000000e+00 2.564206624811049551e-09 2.227214679351163795e-07 4.817488274966308381e-07 6.904876954649807885e-07 8.371647481908439659e-07 9.629261512600351125e-07 1.117999545385828242e-06 1.321949753219087142e-06 1.544934775665751658e-06 1.716065753498696722e-06 1.751098920976801310e-06 1.591106752130144741e-06 9.348801768283010460e-07 5.541600103242672049e-07 5.222900085755100008e-07 5.300000225361145567e-07
5.300000225361145567e-07 5.297400207382452209e-07 5.424200253401068039e-07 3.596076680878468323e-07 1.084643372450955212e-06 7.527089564973721281e-07 3.400440675704885507e-07 1.923419432614537072e-07 2.870055482162570115e-07 4.855086785937601235e-07 6.771335847588488832e-07 8.291863764497975353e-07 9.729411658554454334e-07 1.156284724856959656e-06 1.392559511259605642e-06 1.626722905712085776e-06 1.731535007820639294e-06 1.533704789835610427e-06 8.288677690870827064e-07 0.000000000000000000e+00 4.946300009578408208e-07 5.306000048221903853e-07 5.300000225361145567e-07
5.300000225361145567e-07 5.300000225361145567e-07 5.301300234350492246e-07 5.382900098993559368e-07 5.054694725004083011e-07 1.141649704550218303e-06 9.008811048261122778e-07 6.276286512729711831e-07 5.496950166161695961e-07 6.223841637620353140e-07 7.522379519286914729e-07 8.950089522841153666e-07 1.063201011675118934e-06 1.282669018110027537e-06 1.532438545837067068e-06 1.700980078567226883e-06 1.581774654368928168e-06 8.241129307862138376e-07 0.000000000000000000e+00 5.014400130676222034e-07 5.289999762680963613e-07 5.300000225361145567e-07 5.300000225361145567e-07
5.300000225361145567e-07 5.300000225361145567e-07 5.299099825606390368e-07 5.307200012794055510e-07 5.367600124372984283e-07 2.993156158481724560e-07 1.161679620054201223e-06 1.162989519798429683e-06 1.045150838763220236e-06 1.016607711790129542e-06 1.081806431102450006e-06 1.212357688018528279e-06 1.408292519045062363e-06 1.647523276915308088e-06 1.856860535554005764e-06 1.808021579563501291e-06 9.745035640662536025e-07 0.000000000000000000e+00 5.014400130676222034e-07 5.262199920252896845e-07 5.303099896991625428e-07 5.300000225361145567e-07 5.300000225361145567e-07
5.300000225361145567e-07 5.300000225361145567e-07 5.300000225361145567e-07 5.299500003275170457e-07 5.302100021253863815e-07 5.335999730959883891e-07 5.339700237527722493e-07 4.787370357917097863e-07 9.613245310902129859e-07 1.145202645602694247e-06 1.290111299567797687e-06 1.505878117313841358e-06 1.738016976560174953e-06 1.980181423277826980e-06 1.923318905028281733e-06 1.046397073878324591e-06 5.541600103242672049e-07 4.946300009578408208e-07 5.289999762680963613e-07 5.303099896991625428e-07 5.300000225361145567e-07 5.300000225361145567e-07 5.300000225361145567e-07
5.300000225361145567e-07 5.300000225361145567e-07 5.300000225361145567e-07 5.300000225361145567e-07 5.300000225361145567e-07 5.300000225361145567e-07 5.300800012264517136e-07 5.269999974188976921e-07 5.425400217973219696e-07 5.543000156649213750e-07 5.604100010714319069e-07 0.000000000000000000e+00 5.772799909209425095e-07 5.885299856345227454e-07 5.596900223281409126e-07 4.976399736733583268e-07 5.222900085755100008e-07 5.306000048221903853e-07 5.300000225361145567e-07 5.300000225361145567e-07 5.300000225361145567e-07 5.300000225361145567e-07 5.300000225361145567e-07
5.300000225361145567e-07 5.300000225361145567e-07 5.300000225361145567e-07 5.300000225361145567e-07 5.300000225361145567e-07 5.300000225361145567e-07 5.300000225361145567e-07 5.301200189933297224e-07 5.281299877424316946e-07 5.264499804980005138e-07 5.252400114841293544e-07 5.175099886400857940e-07 5.222399863669124898e-07 5.204800004321441520e-07 5.230800184108375106e-07 5.303999728312192019e-07 5.300000225361145567e-07 5.300000225361145567e-07 5.300000225361145567e-07 5.300000225361145567e-07 5.300000225361145567e-07 5.300000225361145567e-07 5.300000225361145567e-07
