5.300000225361145567e-07 5.300000225361145567e-07 5.300000225361145567e-07 5.300000225361145567e-07 5.300000225361145567e-07 5.300000225361145567e-07 5.300000225361145567e-07 5.297500251799647231e-07 5.343699740478768945e-07 5.360399768505885731e-07 5.355399821382889058e-07 5.410699941421626136e-07 5.356300221137644257e-07 5.356799874789430760e-07 5.335400032890902366e-07 5.297899861034238711e-07 5.300000225361145567e-07 5.300000225361145567e-07 5.300000225361145567e-07 5.300000225361145567e-07 5.300000225361145567e-07 5.300000225361145567e-07 5.300000225361145567e-07
5.300000225361145567e-07 5.300000225361145567e-07 5.300000225361145567e-07 5.300000225361145567e-07 5.300000225361145567e-07 5.297300162965257186e-07 5.335400032890902366e-07 5.461100158754561562e-07 5.061700107944488991e-07 4.899000032310141250e-07 4.953399752594123129e-07 4.214300020066730212e-07 4.974099852006474975e-07 4.974299940840865020e-07 5.168000143385143019e-07 5.459900194182409905e-07 5.332000228008837439e-07 5.297400207382452209e-07 5.300000225361145567e-07 5.300000225361145567e-07 5.300000225361145567e-07 5.300000225361145567e-07 5.300000225361145567e-07
5.300000225361145567e-07 5.300000225361145567e-07 5.300000225361145567e-07 5.298700216371798888e-07 5.304499950398167130e-07 5.449400077850441448e-07 5.153399911250744481e-07 3.792999905272154137e-07 2.143700044143770356e-07 1.852299931215384277e-07 1.912899989520155941e-07 1.604600043947357335e-07 1.607899946520774392e-07 1.551500048435627832e-07 2.138300061460540746e-07 3.877999859014380490e-07 5.210200129113218281e-07 5.424299729384074453e-07 5.301300234350492246e-07 5.299099825606390368e-07 5.300000225361145567e-07 5.300000225361145567e-07 5.300000225361145567e-07
5.300000225361145567e-07 5.300000225361145567e-07 5.298700216371798888e-07 5.316999818205658812e-07 5.407600269791146275e-07 3.918300137684127549e-07 2.508799923361948458e-07 2.160399930062339990e-07 2.450200042858341476e-07 2.433199881579639623e-07 2.029599954767036252e-07 1.482300007182857371e-07 9.791099842004769016e-08 7.599099660637875786e-08 8.090400172022782499e-08 1.155700033450557385e-07 2.369699956261683838e-07 4.262699917489953805e-07 5.382900098993559368e-07 5.307200012794055510e-07 5.299500003275170457e-07 5.300000225361145567e-07 5.300000225361145567e-07
5.300000225361145567e-07 5.300000225361145567e-07 5.304499950398167130e-07 5.407600269791146275e-07 3.776700054913817439e-07 2.192799968270264799e-07 2.737799889018788235e-07 3.283900014139362611e-07 3.509499890697043156e-07 3.242199966280168155e-07 2.489599921773333335e-07 1.509900044993628399e-07 6.669600338682357688e-08 2.456500070024958404e-08 3.235199841356006800e-08 7.795600254212331492e-08 1.373499998180705006e-07 2.300400012700265506e-07 4.423399957431684015e-07 5.367700168790179305e-07 5.302100021253863815e-07 5.300000225361145567e-07 5.300000225361145567e-07
5.300000225361145567e-07 5.297300162965257186e-07 5.449500122267636470e-07 3.917099888894881587e-07 2.191100065829232335e-07 2.971599997181328945e-07 3.759699893635115586e-07 4.501200123741000425e-07 4.751599931296368595e-07 4.250900076385732973e-07 3.103299945905746426e-07 1.692799997954352875e-07 4.849200152534649533e-08 0.000000000000000000e+00 0.000000000000000000e+00 4.365000094708193501e-08 1.250899970273167128e-07 2.124699989280998125e-07 3.339499983212590450e-07 5.021800006943522021e-07 5.336099775377078913e-07 5.300000225361145567e-07 5.300000225361145567e-07
5.300000225361145567e-07 5.335400032890902366e-07 5.153199822416354436e-07 2.506199905383255100e-07 2.735899897743365727e-07 3.759199955766234780e-07 4.916900024909409694e-07 5.829400038237508852e-07 5.998999768053181469e-07 5.252099981589708477e-07 3.794100109644205077e-07 2.088499968522228301e-07 6.511000094633345725e-08 0.000000000000000000e+00 0.000000000000000000e+00 4.712499901415867498e-08 1.378499945303701679e-07 2.313099969342147233e-07 3.318799883800238604e-07 4.766999950334138703e-07 5.339700237527722493e-07 5.300800012264517136e-07 5.300000225361145567e-07
5.297500251799647231e-07 5.461200203171756584e-07 3.792399922986078309e-07 2.158499938786917483e-07 3.282999898601701716e-07 4.501000034906610381e-07 5.829400038237508852e-07 6.731199846399249509e-07 6.788300197513308376e-07 5.917499947827309370e-07 4.379299980428186245e-07 2.650000112680572784e-07 1.234299986663245363e-07 4.842599921062173962e-08 5.062100072450448351e-08 1.132699978256823670e-07 2.038100035406387178e-07 2.945299968359904597e-07 3.814400031387776835e-07 4.983700137017876841e-07 5.581300115409248974e-07 5.270100018606171943e-07 5.301200189933297224e-07
5.343699740478768945e-07 5.061900196778879035e-07 2.144499973155689077e-07 2.450099998441146454e-07 3.509699979531433200e-07 4.752000108965148684e-07 5.999199856887571514e-07 6.788300197513308376e-07 6.806999977015948389e-07 6.031600037204043474e-07 4.717799981790449237e-07 3.287300103238521842e-07 2.168799966284495895e-07 1.651199994512353442e-07 1.795399953152809758e-07 2.434499890568986302e-07 3.273499942224589176e-07 4.061000140609394293e-07 4.756500118219264550e-07 5.615800091618439183e-07 6.422200158340274356e-07 5.425400217973219696e-07 5.281299877424316946e-07
5.360299724088690709e-07 4.899400209978921339e-07 1.854200064599353937e-07 2.434200041534495540e-07 3.243299886435124790e-07 4.251699863289104542e-07 5.252500159258488566e-07 5.917399903410114348e-07 6.031399948369653430e-07 5.588000249190372415e-07 4.782900191457883921e-07 3.929899889953958336e-07 3.340699947784742108e-07 3.211600017039017985e-07 3.556999956799700158e-07 4.216799993628228549e-07 4.943299813930934761e-07 5.545800263462297153e-07 6.026099867995071691e-07 6.612399943151103798e-07 7.272000175362336449e-07 5.542800067814823706e-07 5.264499804980005138e-07
5.355399821382889058e-07 4.953599841428513173e-07 1.914699936378383427e-07 2.031000008173577953e-07 2.490999975179875037e-07 3.104300105860602343e-07 3.794500003095890861e-07 4.379199936010991223e-07 4.717599892956059193e-07 4.782700102623493876e-07 4.672000102345919004e-07 4.560700119782268303e-07 4.624199902991676936e-07 4.958899921803094912e-07 5.536999765354266856e-07 6.215399821485334542e-07 6.808600119256880134e-07 7.203100267361151055e-07 7.459299808942887466e-07 7.826899945939658210e-07 8.149399945978075266e-07 5.603799877462734003e-07 5.252500159258488566e-07
5.410599897004431114e-07 4.215000046770001063e-07 1.605600061793666100e-07 1.483400069446361158e-07 1.511299956291622948e-07 1.693900060217856662e-07 2.089099950808304129e-07 2.650000112680572784e-07 3.287200058821326820e-07 3.929899889953958336e-07 4.560799879982369021e-07 5.210699782765004784e-07 5.921399974795349408e-07 6.699900154671922792e-07 7.488599749194690958e-07 8.173299761438101996e-07 8.636999950795143377e-07 8.844299941301869694e-07 8.909299822335015051e-07 9.080699783226009458e-07 9.329299928140244447e-07 6.540200274685048498e-07 5.175099886400857940e-07
5.356300221137644257e-07 4.974099852006474975e-07 1.607699999794931500e-07 9.796399780270803603e-08 6.681599984403874259e-08 4.861700020342141215e-08 6.519900352941476740e-08 1.234800066640673322e-07 2.169200001844728831e-07 3.341100125453522196e-07 4.624600080660457024e-07 5.921700108046934474e-07 7.162900033108599018e-07 8.288000117318006232e-07 9.227700275005190633e-07 9.905299975798698142e-07 1.026900008582742885e-06 1.034699948831985239e-06 1.028299948302446865e-06 1.033999978972133249e-06 1.016400005937612150e-06 5.772699864792230073e-07 5.222399863669124898e-07
5.356799874789430760e-07 4.974199896423669998e-07 1.550599932897966937e-07 7.599099660637875786e-08 2.464700088466997840e-08 0.000000000000000000e+00 0.000000000000000000e+00 4.853700019680218247e-08 1.652200012358662207e-07 3.212500132576678880e-07 4.959799753123661503e-07 6.700599897158099338e-07 8.288399726552597713e-07 9.624900485505349934e-07 1.064699972630478442e-06 1.131600015469302889e-06 1.163299998552247416e-06 1.165900016530940775e-06 1.153700054601358715e-06 1.148500018643971998e-06 1.118999989557778463e-06 5.885199811928032432e-07 5.204900048738636542e-07
5.335400032890902366e-07 5.167900098967947997e-07 2.137799981483112788e-07 8.089700287428058800e-08 3.242400126168831775e-08 0.000000000000000000e+00 0.000000000000000000e+00 5.078300091554410756e-08 1.796900050976546481e-07 3.558500054623436881e-07 5.538399818760808557e-07 7.489700237783836201e-07 9.228500061908562202e-07 1.064699972630478442e-06 1.170000018646533135e-06 1.238199956787866540e-06 1.271799987989652436e-06 1.276599959965096787e-06 1.262599994333868381e-06 1.258399947801080998e-06 1.110499965761846397e-06 5.596900223281409126e-07 5.230800184108375106e-07
5.297899861034238711e-07 5.459900194182409905e-07 3.878299992265965557e-07 1.156399989099554659e-07 7.805100210589444032e-08 4.379799989351340628e-08 4.730100044980645180e-08 1.134599969532246178e-07 2.436300121644308092e-07 4.218499896069261013e-07 6.216999963726266287e-07 8.174499726010253653e-07 9.906100331136258319e-07 1.131699946199660189e-06 1.238199956787866540e-06 1.311199980591482017e-06 1.352200001747405622e-06 1.363099954687641002e-06 1.347900024484260939e-06 1.337900016551429871e-06 8.264399866675375961e-07 4.976399736733583268e-07 5.303999728312192019e-07
5.300000225361145567e-07 5.332000228008837439e-07 5.210400217947608326e-07 2.371299956394068431e-07 1.374900051587246708e-07 1.252199979262513807e-07 1.380099945436086273e-07 2.039799937847419642e-07 3.275200128882715944e-07 4.944799911754671484e-07 6.809900128246226814e-07 8.637999826532904990e-07 1.027000052999937907e-06 1.163400042969442438e-06 1.271799987989652436e-06 1.352300046164600644e-06 1.402200041411560960e-06 1.416099962625594344e-06 1.411900029779644683e-06 1.217900035044294782e-06 5.541600103242672049e-07 5.222900085755100008e-07 5.300000225361145567e-07
5.300000225361145567e-07 5.297400207382452209e-07 5.424200253401068039e-07 4.263899882062105462e-07 2.302400048392883036e-07 2.126100042687539826e-07 2.314399978331493912e-07 2.946700021766446298e-07 4.062299865381646669e-07 5.546900183617253788e-07 7.204000098681717645e-07 8.844900207805039827e-07 1.034699948831985239e-06 1.165900016530940775e-06 1.276599959965096787e-06 1.363000023957283702e-06 1.416099962625594344e-06 1.430699967386317439e-06 1.413900008628843352e-06 8.446700121567118913e-07 4.946300009578408208e-07 5.306000048221903853e-07 5.300000225361145567e-07
5.300000225361145567e-07 5.300000225361145567e-07 5.301300234350492246e-07 5.382900098993559368e-07 4.424099984134954866e-07 3.340400098750251345e-07 3.319800043755094521e-07 3.815499951542733470e-07 4.757600038374221185e-07 6.027000267749826889e-07 7.460000119863252621e-07 8.909700000003795139e-07 1.028299948302446865e-06 1.153700054601358715e-06 1.262599994333868381e-06 1.347900024484260939e-06 1.411900029779644683e-06 1.413900008628843352e-06 9.101000273403769825e-07 5.014400130676222034e-07 5.289999762680963613e-07 5.300000225361145567e-07 5.300000225361145567e-07
5.300000225361145567e-07 5.300000225361145567e-07 5.299099825606390368e-07 5.307200012794055510e-07 5.367600124372984283e-07 5.021900051360717043e-07 4.767200039168528747e-07 4.984599968338443432e-07 5.617200145024980884e-07 6.613799996557645500e-07 7.827999866094614845e-07 9.081400094146374613e-07 1.033999978972133249e-06 1.148500018643971998e-06 1.258399947801080998e-06 1.337900016551429871e-06 1.217900035044294782e-06 8.446800165984313935e-07 5.014400130676222034e-07 5.262199920252896845e-07 5.303099896991625428e-07 5.300000225361145567e-07 5.300000225361145567e-07
5.300000225361145567e-07 5.300000225361145567e-07 5.300000225361145567e-07 5.299500003275170457e-07 5.302100021253863815e-07 5.335999730959883891e-07 5.339700237527722493e-07 5.581500204243639018e-07 6.423500167329621036e-07 7.273899882420664653e-07 8.151300221470592078e-07 9.330699981546786148e-07 1.016500050354807172e-06 1.119100033974973485e-06 1.110499965761846397e-06 8.264499911092570983e-07 5.541600103242672049e-07 4.946300009578408208e-07 5.289999762680963613e-07 5.303099896991625428e-07 5.300000225361145567e-07 5.300000225361145567e-07 5.300000225361145567e-07
5.300000225361145567e-07 5.300000225361145567e-07 5.300000225361145567e-07 5.300000225361145567e-07 5.300000225361145567e-07 5.300000225361145567e-07 5.300800012264517136e-07 5.269999974188976921e-07 5.425400217973219696e-07 5.543000156649213750e-07 5.604100010714319069e-07 6.540599883919639979e-07 5.772799909209425095e-07 5.885299856345227454e-07 5.596900223281409126e-07 4.976399736733583268e-07 5.222900085755100008e-07 5.306000048221903853e-07 5.300000225361145567e-07 5.300000225361145567e-07 5.300000225361145567e-07 5.300000225361145567e-07 5.300000225361145567e-07
5.300000225361145567e-07 5.300000225361145567e-07 5.300000225361145567e-07 5.300000225361145567e-07 5.300000225361145567e-07 5.300000225361145567e-07 5.300000225361145567e-07 5.301200189933297224e-07 5.281299877424316946e-07 5.264499804980005138e-07 5.252400114841293544e-07 5.175099886400857940e-07 5.222399863669124898e-07 5.204800004321441520e-07 5.230800184108375106e-07 5.303999728312192019e-07 5.300000225361145567e-07 5.300000225361145567e-07 5.300000225361145567e-07 5.300000225361145567e-07 5.300000225361145567e-07 5.300000225361145567e-07 5.300000225361145567e-07
